ALL ARE BORN EQUAL

n_rows	n_proc	t_4thr (sec)	t_8thr (sec)
1000	1		   3.801		   3.517
				   2.012		   2.044
				   2.008		   2.044

1000	2		   1.911		   3.146
				   1.039		   1.067
				   1.043		   1.058

1000	4		   2.622		   2.728
				   0.578		   0.598
				   0.581		   0.604

1000	8		   3.136		   3.290
				   1.132		   1.147
				   1.119		   1.138

=============================================

5000	1		 500.874		 517.126
				 248.754		 251.333
				 248.966		 251.197

5000	2		 326.803		 332.860
				 132.706		 134.023
				 130.759		 132.063

5000	4		 227.398		 232.453
				  98.899		  89.613
				  98.867		  98.654

5000	8		 130.444		 127.459
				  55.071		  54.901
				  55.676		  54.757

=============================================

10000	1		3986.949		3349.960
				1980.295		1994.718
				1977.427		1997.130

10000	2		2108.501		1208.629
				1051.814		1067.151
				1059.918		1060.625

10000	4		 781.891		 783.380
				 780.361		 811.781
				 780.484		 780.078

10000	8		 411.785		 407.801
				 412.952		 406.097
				 412.546		 406.717

*************************************************

MASTER / SLAVE

n_rows	n_slav	t_4thr (sec)	t_8thr (sec)
1000	1		   2.008		   2.060

1000	2		   1.058		   1.078

1000	4		   1.278		   1.332

1000	8		   1.445		   1.461

=============================================

5000	1		 249.637		 252.081

5000	2		 135.995		 136.947

5000	4		  79.609		  81.520

5000	8		  55.453		  55.476

=============================================

10000	1		

10000	2		

10000	4		

10000	8		 409.592