0.100
0.745
0.509
0.734
0.342
0.384
0.120
0.229
0.918
0.123
0.997
0.727
0.191
0.258
0.800
0.844
0.336
0.639
0.607
0.023
0.285
0.457
0.139
0.332
0.427
0.728
0.332
0.005
0.411
0.747
0.274
0.551
0.669
0.460
0.733
0.369
0.667
0.985
0.343
0.259
0.989
0.136
0.020
0.457
0.297
0.565
0.622
0.995
0.278
0.034
0.114
0.279
0.981
0.437
0.335
0.569
0.087
0.835
0.450
0.876
0.561
0.872
0.882
0.534
0.375
0.847
0.833
0.184
0.002
0.379
0.289
0.424
0.943
0.984
0.125
0.816
0.857
0.793
0.870
0.357
0.679
0.058
0.495
0.540
0.673
0.626
0.784
0.043
0.968
0.102
0.577
0.545
0.918
0.431
0.042
0.500
0.592
0.292
0.805
0.714
0.148
0.227
0.479
0.537
0.689
0.090
0.741
0.773
0.428
0.432
0.747
0.471
0.936
0.570
0.868
0.327
0.730
0.086
0.846
0.462
0.268
0.524
0.279
0.684
0.691
0.124
0.217
0.326
0.818
0.607
0.501
0.756
0.939
0.843
0.088
0.033
0.217
0.913
0.167
0.320
0.623
0.440
0.465
0.526
0.991
0.132
0.639
0.514
0.345
0.449
0.155
0.251
0.284
0.863
0.710
0.238
0.008
0.527
0.684
0.512
0.734
0.205
0.726
0.265
0.445
0.268
0.610
0.860
0.224
0.508
0.188
0.590
0.668
0.826
0.408
0.927
0.585
0.348
0.596
0.999
0.704
0.725
0.863
0.181
0.807
0.423
0.090
0.224
0.389
0.802
0.846
0.056
0.499
0.663
0.632
0.480
0.653
0.600
0.915
0.239
0.955
0.139
0.159
0.917
0.361
0.859
0.109
0.685
0.945
0.413
0.990
0.584
0.249
0.055
0.205
0.433
0.058
0.737
0.140
0.677
0.914
0.910
0.339
0.012
0.015
0.289
0.213
0.879
0.806
0.706
0.084
0.376
0.932
0.487
0.773
0.185
0.545
0.704
0.646
0.236
0.191
0.189
0.828
0.348
0.151
0.754
0.514
0.454
0.547
0.480
0.922
0.466
0.881
0.763
0.270
0.312
0.680
0.841
0.903
0.639
0.171
0.139
0.011
0.670
0.631
0.241
0.704
0.395
0.070
0.982
0.571
0.078
0.579
0.336
0.789
0.905
0.871
0.511
0.682
0.750
0.833
0.076
0.540
0.657
0.559
0.848
0.794
0.170
0.286
0.699
0.341
0.302
0.266
0.925
0.103
0.651
0.571
0.091
0.853
0.666
0.287
0.042
0.336
0.643
0.356
0.380
0.348
0.177
0.757
0.575
0.744
0.878
0.589
0.361
0.153
0.447
0.765
0.464
0.774
0.861
0.486
0.207
0.218
0.606
0.253
0.498
0.645
0.834
0.660
0.692
0.296
0.850
0.453
0.295
0.922
0.699
0.715
0.419
0.678
0.870
0.167
0.594
0.919
0.155
0.728
0.298
0.332
0.443
0.997
0.540
0.277
0.864
0.671
0.297
0.659
0.069
0.127
0.190
0.083
0.113
0.510
0.110
0.587
0.689
0.479
0.695
0.668
0.428
0.376
0.594
0.194
0.487
0.549
0.013
0.557
0.604
0.549
0.757
0.852
0.089
0.326
0.860
0.892
0.319
0.878
0.815
0.279
0.542
0.038
0.982
0.464
0.925
0.833
0.491
0.197
0.338
0.896
0.919
0.442
0.055
0.253
0.482
0.234
0.957
0.129
0.758
0.569
0.639
0.243
0.114
0.174
0.269
0.750
0.073
0.132
0.446
0.866
0.933
0.878
0.608
0.974
0.042
0.055
0.818
0.597
0.858
0.925
0.686
0.349
0.170
0.744
0.048
0.579
0.126
0.018
0.597
0.193
0.101
0.655
0.126
0.910
0.772
0.402
0.561
0.885
0.820
0.296
0.986
0.078
0.489
0.226
0.491
0.619
0.211
0.028
0.469
0.493
0.359
0.779
0.661
0.621
0.951
0.849
0.296
0.879
0.095
0.910
0.046
0.406
0.629
0.789
0.059
0.100
0.438
0.537
0.370
0.316
0.614
0.224
0.215
0.734
0.047
0.858
0.294
0.176
0.305
0.113
0.165
0.365
0.695
0.167
0.445
0.161
0.600
0.980
0.449
0.477
0.880
0.854
0.874
0.894
0.315
0.258
0.844
0.999
0.786
0.966
0.841
0.926
0.036
0.632
0.360
0.881
0.660
0.040
0.005
0.453
0.439
0.224
0.323
0.214
0.332
0.879
0.161
0.770
0.826
0.351
0.658
0.644
0.367
0.508
0.361
0.398
0.245
0.679
0.902
0.731
0.767
0.684
0.428
0.904
0.084
0.836
0.408
0.458
0.883
0.173
0.745
0.427
0.378
0.553
0.423
0.044
0.201
0.102
0.391
0.550
0.523
0.009
0.256
0.381
0.645
0.000
0.420
0.870
0.080
0.888
0.879
0.918
0.749
0.568
0.956
0.531
0.869
0.891
0.587
0.448
0.975
0.292
0.423
0.283
0.986
0.513
0.011
0.741
0.053
0.876
0.538
0.452
0.949
0.842
0.093
0.824
0.557
0.089
0.024
0.297
0.814
0.977
0.350
0.406
0.886
0.897
0.058
0.517
0.569
0.392
0.016
0.757
0.733
0.710
0.814
0.351
0.033
0.579
0.890
0.556
0.277
0.662
0.201
0.821
0.327
0.878
0.384
0.929
0.014
0.809
0.562
0.884
0.088
0.992
0.626
0.379
0.335
0.011
0.752
0.456
0.601
0.484
0.235
0.526
0.750
0.272
0.771
0.382
0.386
0.861
0.712
0.656
0.935
0.490
0.411
0.198
0.687
0.829
0.805
0.108
0.109
0.034
0.985
0.537
0.977
0.242
0.465
0.889
0.563
0.507
0.375
0.865
0.647
0.838
0.817
0.349
0.503
0.535
0.101
0.875
0.198
0.012
0.149
0.183
0.425
0.861
0.553
0.219
0.636
0.992
0.084
0.608
0.429
0.060
0.600
0.462
0.913
0.191
0.982
0.785
0.946
0.894
0.591
0.623
0.952
0.671
0.741
0.642
0.768
0.976
0.206
0.848
0.695
0.136
0.591
0.605
0.697
0.540
0.253
0.027
0.212
0.154
0.638
0.377
0.779
0.503
0.328
0.441
0.173
0.161
0.934
0.497
0.019
0.600
0.647
0.750
0.230
0.449
0.405
0.843
0.789
0.293
0.406
0.166
0.959
0.441
0.918
0.404
0.802
0.462
0.863
0.675
0.647
0.279
0.845
0.834
0.848
0.052
0.521
0.725
0.820
0.638
0.842
0.987
0.746
0.172
0.105
0.176
0.591
0.759
0.569
0.459
0.674
0.811
0.084
0.278
0.531
0.463
0.306
0.102
0.450
0.031
0.571
0.899
0.621
0.771
0.210
0.067
0.779
0.304
0.624
0.267
0.828
0.992
0.859
0.729
0.694
0.418
0.220
0.551
0.630
0.763
0.063
0.486
0.615
0.810
0.069
0.484
0.831
0.926
0.831
0.500
0.980
0.288
0.037
0.155
0.267
0.898
0.732
0.269
0.959
0.054
0.632
0.781
0.269
0.004
0.907
0.302
0.544
0.354
0.714
0.724
0.216
0.717
0.972
0.738
0.824
0.589
0.150
0.710
0.474
0.161
0.789
0.045
0.070
0.255
0.765
0.410
0.433
0.001
0.075
0.765
0.670
0.469
0.250
0.357
0.669
0.841
0.778
0.585
0.418
0.869
0.410
0.672
0.710
0.370
0.867
0.388
0.175
0.460
0.319
0.875
0.887
0.527
0.397
0.255
0.995
0.775
0.584
0.696
0.924
0.597
0.590
0.024
0.431
0.312
0.644
0.565
0.143
0.937
0.040
0.967
0.467
0.001
0.315
0.327
0.365
0.393
0.841
0.739
0.696
0.651
0.757
0.342
0.495
0.560
0.991
0.419
0.619
0.170
0.797
0.006
0.331
0.630
0.065
0.962
0.743
0.970
0.652
0.687
0.376
0.860
0.823
0.913
0.877
0.046
0.111
0.191
0.203
0.696
0.056
0.914
0.691
0.315
0.117
0.501
0.732
0.174
0.754
0.481
0.722
0.935
0.788
0.432
0.294
0.535
0.731
0.039
0.180
0.106
0.883
0.519
0.436
0.417
0.336
0.875
0.352
0.626
0.883
0.553
0.776
0.019
0.545
0.557
0.151
0.129
0.919
0.101
0.624
0.034
0.073
0.529
0.424
0.393
0.149
0.362
0.663
0.569
0.246
0.965
0.444
0.355
0.727
0.885
0.337
0.072
0.594
0.707
0.367
0.196
0.323
0.229
0.939
0.402
0.630
0.845
0.064
0.097
0.583
0.355
0.522
0.836
0.604
